 0001  1367  13.590   0.570   0.060    2
 0003  1367  12.890   0.540   0.080    2
 0004  1367  12.770   0.950   0.690    1
 0005  1367  13.050   0.600   0.070    1
 0006  1367  12.820   0.550   0.030    1
 0007  1367  14.050   0.610   0.110    2
 0009  1367  13.450   0.560   0.070    2
 0011  1367  13.620   0.660   0.090    1
 0013  1367  14.290   0.620   0.070    1
 0014  1367  13.900   0.590   0.010    1
 0015    59  13.610   0.550   0.040    1
 0015  1367  13.590   0.560   0.050    1
 0016  1367  12.690   0.510  -0.010    1
 0017  1367  14.090   0.650   0.070    2
 0018  1367  12.750   0.560   0.040    1
 0019  1367  14.090   0.590   0.010    3
 0020    59  12.950   0.870   0.475    2
 0020  1367  12.930   0.860   0.470    2
 0022  1367  12.650   0.470  -0.120    1
 0023    59  12.660   0.540  -0.010    1
 0024    59  13.310   0.580   0.070    1
 0027    59  13.590   0.670   0.100    1
 0028  1367  12.770   0.550   0.040    1
 0030    59  12.040   0.600   0.080    1
 0030  1367  12.000   0.580   0.100    1
 0030  2004  11.930   0.530   0.190    2
 0032  1367  13.350   0.580   0.030    1
 0033  1367  14.110   0.590   0.050    1
 0034  1367  13.100   0.590   0.040    1
 0035  1367  14.110   0.610   0.080    2
 0037    59  12.890   0.980   0.650    2
 0038  1367  14.020   0.580   0.090    2
 0039    59  13.570   0.490  -0.010    1
 0040    59  13.790   0.570   0.050    1
 0041  1367  13.220   0.580   0.020    1
 0042    59  13.510   0.610   0.060    1
 0043    59  13.440   0.635   0.060    2
 0046    59  12.790   0.815   0.380    2
 0048    59  12.770   0.745   0.260    2
 0048  1367  12.750   0.750   0.260    2
 0049    59  13.440   0.600   0.040    1
 0051    59  12.690   0.620   0.090    1
 0052    59  13.520   0.600   0.070    2
 0054    59  12.650   0.630   0.100    1
 0054   700  12.660   0.621   0.138    1
 0055    59  11.320   0.295   0.125    2
 0055  1367  11.330   0.290   0.150    7
 0055  2004  11.340   0.280   0.130    4
 0057  1367  13.550   0.550   0.070    1
 0058  1367  14.020   0.680   0.100    1
 0061    59  13.460   0.585   0.030    2
 0062    59  13.790   0.580   0.010    1
 0063    59  13.380   0.550   0.040    2
 0064    59  14.050   0.700   0.170    1
 0065  2004  12.580   0.630  -0.020    1
 0067  1367  14.120   0.640   0.040    1
 0068  1367  13.670   0.570   0.030    2
 0069  1367  13.430   0.560  -0.010    1
 0070    59  11.550   0.410  -0.035    2
 0071    59  13.620   0.575   0.080    2
 0072    59  12.400   0.985   0.725    2
 0072  1367  12.400   0.990   0.740    4
 0072  2004  12.420   0.940   0.810    3
 0073    59  13.840   0.565   0.065    2
 0074  1367  13.700   0.560   0.040    1
 0075    59  13.410   0.585   0.020    3
 0077    59  13.360   0.580   0.020    1
 0079    59  12.800   0.790   0.270    1
 0079   695  12.780   0.740   0.340    1
 0080    59  13.860   0.590   0.065    2
 0081    59  10.030  -0.073  -0.385    3
 0081   100  10.040  -0.060  -0.420   10
 0081   700  10.036  -0.079  -0.374    4
 0081  1385  10.020  -0.070  -0.360    1
 0081  2004   9.990  -0.070  -0.390    3
 0082    59  13.900   0.590   0.065    2
 0083    59  13.240   0.605   0.065    2
 0083   100  13.200   0.600   0.100    6
 0084    59  10.590   1.115   0.955    2
 0084   100  10.540   1.100   0.970    4
 0084  1367  10.510   1.110   1.000    3
 0084  2004  10.540   1.160   1.070    2
 0086    59  13.700   1.020   0.680    2
 0087    59  13.660   0.545   0.025    2
 0088  1367  12.090   0.510   0.290    1
 0088  2004  12.210   0.720   0.300    2
 0089    59  13.410   0.575   0.055    2
 0090  1367  10.890   0.430   0.110    5
 0090  2004  10.890   0.410   0.150    3
 0093    59  14.180   0.610   0.090    1
 0094    59  12.830   0.560   0.070    3
 0095    59  12.670   0.510   0.010    3
 0095  1367  12.680   0.500   0.060    3
 0097    59  14.340   0.540  -0.050    4
 0098    59  12.850   0.580   0.065    2
 0099    59  13.600   0.610   0.160    1
 0100  1367  13.430   0.580   0.050    2
 0101    59  13.200   0.560   0.100    1
 0102  2004  12.360   0.780   0.270    2
 0103    59  13.200   0.550   0.065    2
 0104    59  11.210   1.070   0.890    1
 0104  1367  10.980   1.000   0.720    1
 0104  2004  11.150   1.060   0.970    2
 0105    59  10.300   1.260   1.320    3
 0105   100  10.310   1.250   1.260    7
 0105   695  10.300   1.260   1.350    1
 0105  1367  10.300   1.280   1.320    2
 0105  1385  10.300   1.275   1.320    1
 0105  2004  10.330   1.260   1.270    2
 0106    59  13.090   0.565   0.030    2
 0107    59  13.920   0.590   0.070    1
 0108    59   9.720   1.380   1.545    3
 0108  1367   9.690   1.380   1.630    5
 0108  2004   9.720   1.400   1.460    4
 0109    59  13.540   0.580   0.040    2
 0110    59  13.610   0.520   0.070    1
 0111    59  12.740   0.560   0.045    2
 0112    59  13.280   0.580   0.090    1
 0113  1367  13.320   0.600   0.100    1
 0114    59  13.440   0.570   0.060    1
 0115    59  12.650   0.630   0.120    2
 0116  1367  14.000   0.730   0.190    1
 0117    59  12.610   0.770   0.280    3
 0117   700  12.680   0.767   0.269    1
 0119    59  12.570   0.590   0.070    3
 0122    59  13.700   0.550   0.090    1
 0122  1367  13.740   0.550   0.090    2
 0123    59  13.950   0.610   0.050    1
 0124    59  12.140   0.450   0.030    4
 0124   700  12.170   0.468   0.079    1
 0124  1367  12.110   0.460   0.050    3
 0124  2004  12.130   0.420   0.130    2
 0125    59  13.860   0.580   0.040    1
 0126    59  13.980   0.585   0.060    2
 0127    59  12.770   0.560   0.060    7
 0127  1367  12.780   0.550   0.070    6
 0128    59  13.160   0.580   0.050    2
 0129    59  13.190   0.580   0.060    1
 0130    59  12.880   0.470   0.005    6
 0131    59  11.220   0.415   0.060    2
 0131    71  11.200   0.420   0.060    1
 0131   100  11.210   0.420   0.050    3
 0131   700  11.220   0.414   0.064    1
 0131  1367  11.210   0.400   0.100    6
 0131  2004  11.150   0.410   0.050    1
 0132    59  13.120   0.610   0.080    4
 0134    59  12.270   0.580   0.060    3
 0134  1367  12.190   0.520   0.110    1
 0134  2004  12.270   0.510   0.200    2
 0135    59  11.450   1.060   0.920    3
 0135  1367  11.450   1.050   0.960    1
 0135  2004  11.440   1.070   0.900    2
 0136    59  11.310   0.630   0.140    3
 0136   100  11.310   0.640   0.180    4
 0136   700  11.300   0.615   0.170    2
 0136  1367  11.280   0.610   0.160    2
 0136  2004  11.270   0.590   0.200    1
 0137    59  14.050   0.640   0.160    1
 0140    59  13.200   0.565   0.060    2
 0141    59  10.480   1.110   0.980    2
 0141   100  10.490   1.100   0.990    1
 0141  1367  10.460   1.120   1.020    2
 0141  2004  10.460   1.130   0.930    5
 0142    59  14.170   0.620   0.110    1
 0142  1367  14.180   0.660   0.100    4
 0143    59  11.520   0.860   0.500    3
 0143   700  11.410   0.874   0.519    1
 0143  1367  11.490   0.910   0.480    2
 0143  2004  11.520   0.870   0.500    1
 0145    59  12.820   0.585   0.055    2
 0147    59  13.280   0.590   0.065    2
 0148    59  13.320   0.575   0.085    2
 0149    59  12.560   0.605   0.085    2
 0150    59  13.260   0.585   0.050    2
 0151    59  10.490   1.100   0.960    3
 0151  1367  10.480   1.100   0.960    3
 0151  2004  10.500   1.130   0.880    3
 0152    59  13.510   0.570   0.065    2
 0153    59  11.310   0.130   0.110    3
 0153   700  11.290   0.105   0.119    1
 0153  2004  11.260   0.130   0.090    4
 0154  1367  13.680   0.540   0.040    1
 0155    59  10.510   0.590   0.035    2
 0155   700  10.510   0.587   0.087    1
 0156    59  10.990   0.110   0.090    3
 0156   100  10.960   0.110  -0.010    3
 0156   700  10.940   0.104   0.081    1
 0156  1367  10.930   0.110   0.090    3
 0156  2004  10.910   0.110   0.100    2
 0157    59  12.780   0.580   0.075    2
 0157   100  12.780   0.600   0.110    2
 0159    59  13.330   0.630   0.030    1
 0162    59  12.840   0.580   0.080    2
 0163    59  12.670   0.680   0.190    1
 0163   695  12.670   0.690   0.180    1
 0164    59  10.550   1.125   1.015    2
 0164  1367  10.520   1.110   1.010    3
 0164  2004  10.630   1.090   0.830    2
 0165    59  12.860   0.600   0.110    1
 0166    59  12.930   0.930   0.590    2
 0166   695  12.910   0.920   0.590    1
 0166   700  12.970   0.906   0.619    1
 0168    59  13.310   0.490   0.030    1
 0170    59   9.690   1.355   1.480    4
 0170  1367   9.670   1.360   1.540    2
 0170  2004   9.690   1.370   1.460    1
 0171    59  13.150   0.590   0.065    2
 0173  1367  11.740   0.920   0.520    2
 0174    59  12.680   0.600   0.090    1
 0175    59  13.720   0.595   0.080    2
 0176    59  12.640   0.575   0.045    2
 0177    59  13.080   0.580   0.080    1
 0179    59  13.670   0.650   0.100    1
 0180    59  12.640   0.590   0.110    1
 0183  1367  13.290   0.560   0.060    1
 0184    59  12.270   0.270   0.100    2
 0184   700  12.260   0.278   0.076    1
 0184  1367  12.220   0.260   0.110    3
 0184  2004  12.250   0.200  -0.020    1
 0185  1367  10.990   0.210   0.110    1
 0185  2004  11.070   0.230   0.160    2
 0186  1367  13.850   0.580   0.100    1
 0187    59  13.230   0.620   0.110    1
 0188    59  13.700   0.550   0.060    1
 0189    59  12.870   0.520   0.060    1
 0190    59  10.980   0.245   0.150    2
 0190  1367  10.920   0.240   0.170    3
 0190  2004  10.950   0.230   0.140    1
 0191  1367  13.180   0.560   0.050    1
 0192    59  12.810   0.770   0.280    1
 0192   695  12.800   0.730   0.320    1
 0192   700  12.790   0.758   0.322    1
 0192  1367  12.800   0.750   0.290    2
 0193    59  12.260   1.015   0.800    2
 0193   100  12.280   0.990   0.760    1
 0193  2004  12.250   1.030   0.650    2
 0194    59  13.600   0.590   0.060    1
 0195    59  12.700   0.695   0.205    3
 0195   695  12.690   0.700   0.230    1
 0196  1367  14.440   0.620   0.180    1
 0197  1367  13.930   0.570   0.080    1
 0198  1367  13.690   0.560   0.040    1
 0199    59  13.220   0.600   0.060    1
 0200    59  10.980   0.800   0.360    2
 0202    59  12.600   0.800   0.100    1
 0203  1367  13.000   0.590   0.100    1
 0204  1367  13.930   0.340   2.000    1
 0205   591  13.310   0.530   0.010    1
 0207  1367  12.340   0.420   0.120    1
 0207  2004  12.320   0.360   0.010    1
 0209    59  13.740   0.655   0.140    2
 0210    59  12.260   0.590   0.075    4
 0210   700  12.270   0.560   0.083    1
 0210  1367  12.270   0.560   0.100    2
 0210  2004  12.200   0.560   0.010    1
 0211    59  13.800   0.610   0.060    1
 0213    59  13.780   0.590   0.090    2
 0214    59  13.830   0.590   0.070    1
 0215    59  12.790   0.600   0.090    1
 0216    59  12.730   0.570   0.080    2
 0217    59  11.320   1.085   0.910    2
 0217   100  11.260   1.080   0.960    1
 0217   591  11.240   0.970   0.880    1
 0217  1367  11.270   1.080   0.940    3
 0217  2004  11.230   1.090   0.900    2
 0218    59  11.680   1.055   0.850    2
 0218  1367  11.620   1.060   0.890    3
 0218  2004  11.630   1.070   0.880    2
 0219    59  12.540   0.590   0.110    1
 0219  1367  11.300   0.630   0.130    1
 0220  1367  14.040   0.600   0.050    1
 0221    59  12.370   0.575  -0.035    2
 0222  1367  13.590   0.580   0.050    1
 0223    59  10.580   1.100   0.975    2
 0223  1367  10.610   1.130   0.930    1
 0223  2004  10.520   1.140   0.950    1
 0224    59  10.760   1.130   1.090    2
 0224  1367  10.780   1.140   1.110    4
 0224  2004  10.760   1.140   1.070    3
 0225    59  13.080   0.550   0.040    2
 0225  1367  13.100   0.540   0.020    1
 0226    59  12.770   0.755   0.255    2
 0226   700  12.750   0.744   0.290    1
 0226  1367  12.780   0.710   0.300    3
 0227    59  12.970   0.915   0.570    2
 0227   695  12.960   0.890   0.620    1
 0227   700  13.000   0.910   0.604    1
 0228    59  13.240   0.570   0.070    1
 0229    59  13.400   0.540   0.060    1
 0230  1367  13.540   0.560   0.050    1
 0231    59  11.500   1.050   0.880    2
 0231   100  11.490   1.060   0.870    1
 0231  1367  11.510   1.060   0.900    6
 0231  2004  11.480   1.060   0.900    3
 0232  1367  13.540   0.550   0.050    1
 0233    59  13.420   0.550   0.060    1
 0235    59  13.410   0.580   0.040    2
 0236    59  12.540   0.675   0.150    2
 0236   695  12.530   0.660   0.170    1
 0236   700  12.540   0.646   0.194    2
 0236  1367  12.550   0.640   0.160    3
 0237  1367  12.900   0.920   0.640    1
 0238    59  10.570   0.270   0.110    1
 0238  1367  10.900   0.220   0.200    3
 0238  2004  10.870   0.200   0.160    3
 0240  1367  12.000   0.990   0.790    1
 0240  2004  11.980   0.990   1.060    2
 0241    59  12.680   0.595   0.090    2
 0241  1367  12.680   0.580   0.120    4
 0242    59   7.850   1.120   0.990    1
 0243    59  12.610   0.610   0.075    2
 0243  1367  12.620   0.600   0.090    1
 0244    59  10.780   0.940   0.670    2
 0244   700  10.760   0.939   0.665    2
 0244  1367  10.750   0.950   0.670    5
 0244  2004  10.710   0.930   0.650    3
 0246  1367  12.830   0.410   0.100    1
 0248  1367  12.780   0.560   0.070    1
 0249  1367  13.480   0.550   0.100    1
 0252  1367  12.680   0.580   0.060    1
 0253  1367  13.890   0.610   0.080    1
 0255    59  12.720   0.560   0.040    1
 0256  1367  12.680   0.570   0.070    1
 0259    59  13.920   0.695   0.185    2
 0260  1367  14.020   0.600   0.100    1
 0262    59  12.940   1.010   0.730    1
 0263    59  14.000   0.605   0.110    2
 0263  1367  13.980   0.610   0.070    3
 0264  1367  13.780   0.570   0.060    1
 0265    59  12.500   0.600   0.040    2
 0266    59  10.550   1.105   0.945    2
 0266  1367  10.480   1.110   0.970    2
 0266  2004  10.550   1.030   1.170    1
 0267    59  12.830   0.595   0.095    2
 0268    59  12.380   0.590   0.080    1
 0270  1367  13.940   0.630   0.090    1
 0272  1367  12.630   0.640   0.140    1
 0273  1367  13.430   0.560   0.030    1
 0279  1367  14.030   0.610   0.060    2
 0280    59  10.700   0.110   0.090    2
 0280   700  10.680   0.114   0.104    1
 0280  1367  10.660   0.120   0.140    3
 0280  2004  10.640   0.120   0.140    1
 0282  1367  13.430   0.460   0.050    1
 0286   318  10.450   1.080   0.990    2
 0286  1367  12.750   0.530   0.030    1
 0286  2004  10.410   1.110   1.020    1
 0287  1367  12.760   0.540   0.080    1
 0288  1367  13.210   0.560   0.050    1
 0289  1367  12.620   0.560   0.090    1
 0290  1367  13.730   0.550   0.040    1
 0291  1367  12.500   0.940   0.720    1
 0292  1367  14.120   0.590   0.060    2
 0293  1367  13.690   0.560   0.060    1
 0294  1367  13.690   0.580   0.040    2
 0296    59  16.190   0.660   0.170    1
 0297    59  15.750   0.850   0.510    2
 0298    59  15.640   0.890   0.530    1
 0299    59  16.050   1.070   0.830    2
 0300    59  15.830   1.080   0.760    1
 0301  1367  13.790   0.570   0.080    2
 0302  1367  13.740   0.590   0.070    1
 0303  1367  12.670   0.700   0.270    1
 0305   318  11.240   1.100   0.950    1
 0305  1367  11.240   1.070   0.970    1
 0317  1367  12.630   0.600   0.130    2
 0319  1367  15.130   0.690   0.550    1
 0321  1367  12.950   0.550   0.060    1
 0325  1367  14.170   0.630   0.080    2
 0333  1367  13.420   0.570   0.050    1
 0598    59  14.910   0.780   0.260    1
 0602    59  14.760   0.480  -0.020    1
 0659    59  14.830   0.690   0.160    1
 0663    59  14.890   0.725   0.215    2
 0682    59  15.230   0.840   0.300    1
 1004    59  15.710   0.930   0.580    2
 1013    59  15.200   0.790   0.270    2
 1016    59  16.380   1.000   0.700    2
 1018    59  15.080   0.920   0.540    2
 1019    59  14.550   0.700   0.220    2
 1021    59  15.870   0.780   0.290    2
 1022  1367  15.370   0.920   0.370    2
 1023    59  16.190   0.800   0.300    2
 1026    59  14.960   0.760   0.330    4
 1028    59  16.640   1.000   0.700    1
 1035    59  16.250   1.090   0.920    1
 1042    59  14.600   0.720   0.180    1
 1043    59  16.330   1.190   0.700    1
 1046    59  14.410   0.740   0.170    1
 1046  1367  14.470   0.810   0.170    2
 1047  1367  14.630   0.820   0.490    2
 1054  1367  14.110   0.670   0.130    1
 1058  1367  14.690   0.780   0.240    1
 1061    59  14.540   0.730   0.160    1
 1061  1367  14.460   0.730   0.190    1
 1063    59  15.700   0.820   0.630    1
 1065    59  14.550   0.570  -0.060    1
 1078  1367  15.380   0.830   0.580    3
 1081  1367  14.640   0.840   0.430    2
 1151  1367  14.540   0.680   0.180    1
 1155  1367  14.440   0.650   0.100    2
 1157  1367  14.530   0.720   0.170    2
 1160    59  14.460   0.670   0.100    1
 1161  1367  14.720   0.750   0.230    1
 1170  1367  14.900   0.800   0.320    1
 1172  1367  14.590   0.650   0.180    3
 1173  1367  15.150   0.880   0.310    1
 1176  1367  14.050   0.660   0.230    1
 2001    59  13.830   0.635   0.120    2
 2047  1367  15.580   0.920   0.520    1
 2048  1367  14.390   0.680   0.110    2
 2054    59  12.910   0.480  -0.050    1
 2057    59  12.940   0.990   0.680    1
 2071  1367  14.940   0.740   0.300    2
 2074  1367  14.830   0.780   0.380    1
 2099  1367  14.150   0.690   0.290    1
 2111  1367  14.500   0.630   0.110    1
 2113  1367  14.150   0.610   0.150    1
 2121  1367  13.740   0.600   0.020    2
 2132  1367  14.940   0.790   0.260    2
 2134  1367  14.560   0.920   0.470    2
 2141  1367  14.250   0.620   0.090    1
 2152   318  10.920   1.110   1.150    2
 2152  2004  10.910   1.130   1.150    2
 3035    59  12.160   1.020   0.810    2
 3035   100  12.140   1.010   0.780    3
 3035   591  12.110   0.920   0.750    1
 3035  1367  12.140   1.040   0.810    3
 3035  2004  12.120   1.000   0.780    2
 3053   100  12.510   0.670   0.180    2
 3058  1367  14.370   0.680   0.120    3
 3061  1367  15.360   0.860   0.270    1
 3072  1367  14.500   0.770   0.490    1
 3077  1367  14.000   0.560   0.060    1
 3137  1367  14.340   0.610   0.190    1
 3145  1367  14.200   0.720   0.280    2
 3150  1367  14.480   0.640   0.190    2
 4004    59  12.720   0.580   0.010    3
 4006    59  13.300   0.470  -0.015    2
 4018    59  13.070   0.855   0.470    2
 4018   695  13.020   0.870   0.510    1
 4026    59  13.340   0.570   0.060    2
 4044  1367  14.260   0.630   0.050    2
 4049  1367  15.050   0.760   0.300    2
 4058  1367  14.810   0.760   0.200    1
 4063  1367  14.640   0.700   0.230    1
 4070  1367  14.430   0.730   0.280    1
 4078  1367  14.750   0.800   0.240    1
 4088  1367  14.880   0.770   0.290    2
 4090  1367  14.490   0.670   0.130    2
 4091  1367  14.590   0.660   0.160    2
 4093  1367  15.280   0.770   0.290    3
 4094  1367  14.260   0.610   0.050    2
 4097  1367  14.130   0.600   0.090    1
 4099  1367  14.780   0.720   0.190    2
 4143  1367  14.370   0.590   0.120    2
 4146  1367  14.580   0.630   0.150    2
 4169   318   9.970   1.060   0.910    2
 4169  1367   9.970   1.090   0.950    1
 4169  1387   9.980   1.060   0.940    3
 4169  2004   9.950   1.090   0.920    3
 4178  1367  14.430   0.770   0.380    2
 4179  1367  15.200   0.660   0.070    2
 4183  1367  14.910   0.730   0.290    2
 4189  1367  15.360   0.790   0.600    3
 4190  1367  14.760   0.800   0.200    2
 4192  1367  15.030   0.720   0.400    1
 4198  1367  14.520   0.680   0.150    2
 4202   318   8.870   1.550   1.960    3
 4202  1367   8.870   1.540   1.960    5
 4202  1387   8.810   1.580   1.930    3
 4202  2004   8.850   1.580   1.980    3
 5039  1367  14.440   0.650   0.100    2
 5183  1367  13.410   0.560   0.050    1
 5217  1367  15.030   0.840   0.340    2
 5258  1387   9.500   1.360   1.510    3
 5279  1367  14.970   0.810   0.390    1
 5713  1367  15.780   0.630   0.120    2
 5780  1367  15.050   0.740   0.240    2
 5808  1367  13.630   0.990   0.590    2
 5850  1367  12.720   0.570   0.080    1
 5908  1367  14.680   0.670   0.160    1
 6135  1387   9.360   1.470   1.720    3
 6321  1367  15.400   0.850   0.360    1
 6461  1367  15.840   0.650   0.150    2
 6469   318   9.510   1.340   1.570    1
 6470   318   9.820   1.310   1.480    2
 6470  1367   9.930   1.300   1.480    4
 6470  2004   9.790   1.350   1.460    1
 6474   318  10.520   1.190   1.300    1
 6474  1367  10.540   1.220   1.300    2
 6474  2004  10.510   1.180   1.350    3
 6495   318   9.370   1.480   1.770    1
 6513   318  10.000   1.190   1.240    1
 6513  1367  10.140   1.270   1.200    2
 6513  2004  10.020   1.200   1.210    1
 6514   318   8.760   1.620   2.040    2
 6514  1367   8.800   1.650   1.940    1
 6514  2004   8.830   1.640   1.950    4
 6515   318  10.100   1.260   1.460    2
 6515  1367  10.190   1.290   1.420    1
 6515  2004  10.080   1.320   1.450    3
 7008  1367  14.870   0.710   0.160    4
 7015  1367  13.150   0.610   0.110    3
 7044  1367  14.970   0.760   0.340    3
 7051  1367  14.520   0.830   0.520    2
 7061  1367  14.850   0.640   0.030    2
 7063  1367  15.820   0.780   0.360    3
 7080  1367  12.750   0.530   0.010    3
 7103  1367  15.690   0.670   0.060    3
 7110  1367  14.750   0.720   0.220    2
 7135  1367  13.780   0.600   0.010    2
 7144  1367  14.170   0.880   0.450    2
 7145  1367  12.900   0.440  -0.010    2
 7151  1367  14.790   0.820   0.420    2
 7157  1367  13.720   0.590   0.070    2
 7215  1367  14.380   0.660   0.020    2
 7218  1367  13.270   0.730   0.350    2
 7225  1367  14.430   0.490  -0.010    2
 7243  1367  15.500   0.890   0.460    3
 7251  1367  12.570   0.670   0.150    2
 7252  1367  14.390   0.630   0.160    2
 7255  1367  14.800   0.640   0.190    2
 7272  1367  14.820   0.990   0.770    2
 7277  1367  12.280   0.520   0.070    4
 7277  2004  12.150   0.530   0.100    3
 7281  1367  13.260   0.650   0.120    5
 7299  1367  16.270   0.700   0.140    2
 7341  1367  13.200   0.590   0.070    2
 7343  1367  13.530   0.530   0.060    2
 7362  1367  15.820   0.980   0.980    2
 7368  1367  12.720   0.570   0.080    2
 7395  1367  13.360   0.570   0.070    2
 7396  1367  14.460   0.700   0.130    2
 7434  1367  12.540   0.630   0.160    5
 7445  1367  12.740   0.560   0.080    2
 7465  1367  14.190   0.600   0.070    4
 7469  1367  14.560   0.620   0.250    1
 7471  1367  13.580   0.600   0.120    2
 7473  1367  14.220   0.640   0.100    2
 7489  1367  12.880   0.530   0.070    3
 7499  1367  13.510   0.550   0.090    4
 7505  1367  13.990   0.610   0.140    1
 7513  1367  15.460   0.630   0.190    1
 7520  1367  14.170   0.630   0.060    1
 7530  1367  14.210   0.950   0.750    1
 7622  1367  14.480   0.660   0.130    2
 7625  1367  14.650   0.830   0.440    2
 7626  1367  15.300   0.840   0.370    2
 7640  1367  15.050   0.720   0.380    3
 7646  1367  15.380   0.470  -0.020    2
 7647  1367  13.840   0.580   0.060    1
 7648  1367  13.350   0.570   0.030    1
 7650  1367  13.880   0.610   0.060    2
 7655  1367  13.650   0.580   0.020    1
 7656  1367  13.150   0.570   0.070    1
 7657  1367  12.600   0.610   0.110    1
 7666  1367  14.190   0.620   0.120    2
 7674  1367  12.690   0.540   0.030    1
 7704  1367  13.540   0.560   0.060    1
 7711  1367  13.370   0.580   0.020    1
 7769  1367  13.430   0.760   0.090    1
 7844  1367  13.640   0.540   0.030    1
 7848  1367  13.960   0.620   0.060    3
 7853  1367  13.290   0.590   0.100    1
 7856  1367  13.340   0.500   0.020    1
 7859  1367  12.670   0.660   0.190    1
 7868  1367  13.630   0.540   0.040    1
 7871  1367  12.620   0.600   0.120    1
 7875  1367  16.020   0.730  -0.120    3
 7882  1367  14.710   0.800  -0.070    1
 7903  1367  13.160   0.550   0.050    1
 7911  1367  14.050   0.830   0.390    3
 7912  1367  13.250   0.550   0.080    1
 7913  1367  13.860   0.560   0.050    1
 7914  1367  13.160   0.570   0.080    1
 7926  1367  12.710   0.550   0.060    1
 7927  1367  13.310   0.540   0.030    1
 7928  1367  14.790   0.650   0.300    2
 8130  1367  14.380   0.660   0.160    1
 8155  1367  14.620   0.640   0.180    1
 8165  1367  12.800   0.510   0.030    1
 8168  1367  13.110   0.560   0.050    1
 8172  1367  14.630   0.650   0.250    1
 8176  1367  15.660   0.850   0.340    1
 8181  1367  13.190   0.570   0.080    1
 8348  1367  13.700   0.560   0.040    1
 8356  1367  12.940   0.910   0.610    1
 8359  1367  10.490   1.090   0.960    1
 8388  1367  14.610   0.650   0.180    1
 8389  1367  13.240   0.560   0.020    1
 8394  1367  13.200   0.580   0.030    1
 8397  1367  13.210   0.540   0.040    1
 8400  1367  13.740   0.560   0.030    1
 8402  1367  11.390   1.160   1.250    1
 8488  1367  15.720   0.920   0.630    2
 8492  1367  14.510   0.910   0.520    1
 8501  1367  14.660   0.690   0.070    1
 8503  1367  12.960   0.540   0.050    1
 8505  1367  14.190   0.650   0.110    1
 8508  1367  12.780   0.570   0.080    1
 8515  1367  14.150   0.630   0.090    1
 8516  1367  13.710   0.560   0.030    1
 8519  1367  14.190   0.620   0.090    1
 8524  1367  13.000   0.810   0.450    1
 8547  1367  15.490   0.720   0.240    2
 8554  1367  13.270   0.570   0.060    1
 8560  1367  14.470   0.690   0.220    2
 8564  1367  15.100   0.750   0.360    2
 8573  1367  14.460   0.630   0.170    2
 8604  1367  14.880   0.720   0.310    2
 8634  1367  13.190   0.580   0.060    1
 8635  1367  13.250   0.570   0.050    2
 8639  1367  12.660   0.580   0.070    2
 8639  2004  12.610   0.590   0.100    1
 8648  1367  13.720   0.550   0.030    2
 8676  1367  14.950   0.890   0.520    3
 8687  1367  13.040   0.540   0.030    2
 8688  1367  13.890   0.570   0.040    3
 8698  1367  15.230   0.760   0.410    4
 8713  1367  12.530   0.970   0.800    2
 8714  1367  14.660   0.790   0.460    2
 8720  1367  13.480   0.560   0.030    1
 8735  1367  15.990   0.670   0.070    3
 8736  1367  14.870   0.750   0.230    3
 8792  1367  12.630   0.600   0.120    2
 8808  1367  12.600   0.580   0.100    1
 8808  2004  12.580   0.570   0.080    1
 8816  1367  15.280   1.510   1.180    3
 8832  1367  12.760   0.540   0.070    1
 8863   318   9.550   0.940   0.610    1
 8872  1367  15.430   0.620  -0.020    1
 8907   318  10.900   1.430   1.890    1
 8910  1367  15.590   0.580  -0.010    2
 8912  1367  13.020   0.540   0.040    1
 8936  1367  13.840   0.620   0.040    1
 8947  1367  13.460   0.430  -0.090    1
 8958  1367  14.420   0.500  -0.060    1
 8962  1367  13.010   0.550   0.050    1
 8982  1367  14.270   0.660   0.190    1
 8983  1367  14.390   0.640   0.160    1
 8993  1367  15.650   0.600  -0.020    2
 8996  1367  15.040   0.600   0.100    3
 9015  1367  12.560   0.610   0.030    1
 9021  1367  12.290   1.170   1.080    1
